0.17124845241682757
0.1602485344364334
-0.14428280918374176
0.03731283811596027
0.339891280228355
0.15876424823603577
-0.13352400282751403
0.13061148418985752
-0.08232210716460307
0.1447808237335223
-0.627143270299053
-0.7088604120277916
-0.22245904453030352
0.15102636100922295
-0.18295996404978299
0.1809533293912507
0.4660797199921023
0.42014287364971514
0.3494995822345801
0.6725808697320785
0.7443340437311802
0.6315219869666495
0.8213632983839702
0.7089956583257844
0.7691770907278478
0.6383780590437624
0.8514384053814074
0.3186335656376327
0.3756568564781169
0.27559580512368914
0.10047447554199247
0.4163351802433042
0.4925395871621304
0.6697937456018455
0.5042140119458023
0.4028137161765784
0.6539825512400417
0.4830320743859649
0.47156279585399713
0.49995020506697857
0.6308582199702
0.8316859354205423
0.6833493922090346
0.3089812850712226
0.30409043132571295
0.054790005160493385
0.4592888989569249
0.48375840700315575
0.6768720748094109
0.4505663430974464
0.36804141866467327
0.30213411599885875
-0.13816656743399652
0.2921956348723936
0.16641657132626447
0.32024471545922395
0.3470498531924513
0.10856980592472561
0.6113196995517247
0.5076567537046789
0.46461586054018766
0.03126868812307183
-0.043029090753778435
-0.11585799824951627
0.14250746506430995
-0.14042436094411548
-0.06289186113298932
-0.2866287087044098
-0.43422384154093296
-0.46904694724065066
0.06201794809138593
-0.3512430687964136
0.023997633944581917
-0.03668150250628156
0.5651378567951885
-0.0315984988424262
0.21189379280472648
0.5298954913433713
0.8460943628239421
0.7382076866552355
0.6734422348215143
0.8893196808529048
0.8151043696235177
0.5505255648785953
0.8712438059224948
1.1665410444733486
1.1171618776912693
1.0683320205283087
1.0892462376464394
1.1049258073477446
1.140239615570948
1.175473367951148
0.8152274341420669
0.8383246215011549
0.1999024011895555
0.442190934536407
0.6248204425533986
0.6074176389025201
0.7586286284522752
0.708334605019313
0.6874859467383071
0.8508670685238344
0.9083078713907734
0.6954009407594701
0.852220461174199
0.9975978501058622
1.0397335973118946
1.04697522447018
1.172529397742199
0.8684531645140063
0.9781545618558072
0.8502699131268922
1.0366957704189064
-0.037439271714453756
-0.4233832952644838
-0.4327562883691002
-0.4484104062971144
-0.3063799236109056
-0.16942277010969353
0.03347500201839547
0.11887820020623392
-0.024194002150281987
-0.26160682959472104
0.2158375158359096
0.1749033093398612
0.19589068741091004
0.48990608606156294
0.7235938252363678
0.9647945667561245
0.6249159862661411
0.9063030711763163
1.2652132130173996
1.1098094817722788
1.17800509560104
1.1103635115435506
1.3918626416713709
0.8088187341858146
0.9295530827425591
1.2719220058964364
0.6663952214346849
0.9248498333833652
-0.6977301608750783
-0.9981203758423058
0.3096651195445404
0.6784192777786421
-1.0263698369636698
0.44457420562949745
0.36754137187532276
0.6236351429407019
-1.7885148207069381
-2.939949236770588
-1.6092897991756392
-1.1024095059734846
-2.0766942413881258
-1.7797444185280307
-2.715214327573064
-2.3330204463811106
-2.012981960327214
-1.9178397014329671
-2.769042027202128
-4.303792439529989
-2.02188777163271
-0.5847847889337452
-0.004474805500080933
-0.2471021072673456
0.190195696457156
0.6638707170861224
0.5708531604054641
0.7903643815313899
0.9231330660025618
1.041784398219882
0.7861445301755539
0.6336933766593817
1.3067361888948998
1.3069414488453956
1.158778065622344
0.9684685440030408
1.2303631198300493
0.6457016021873602
1.1145215040837038
0.8125091957103049
1.3203372322333637
1.3284014202165015
0.11729535999234315
0.845636544138783
0.7203222692115745
0.7596092590456909
0.1866655062502136
0.7717895752185479
0.42766248339210317
0.5681457244630544
0.8718168001864887
0.6329205869690676
0.4385578165156766
0.5832770869229782
0.24220334026149315
-0.021312984387128434
0.1981360399995451
-0.7702547854867694
-0.11602548101233622
-0.2759169739253995
-0.019720680949465177
0.2035437186563323
-0.2883907429472771
-0.35775616402164306
0.1601007204542577
-0.2811285540608248
-0.10229762351661277
-0.3768672327700782
-1.099538707828328
-2.7468148900222875
-1.1051597459998743
-0.03589362762993388
-0.1008756362123024
-0.16710759605899367
0.3581005356929442
0.3597393347619267
0.4297987691508142
0.4878432439856308
0.38975702954590696
0.7461852457522475
0.9313370536662264
0.07022580720843323
-2.2058670635054747
-0.44293561559456107
0.5461096560241455
0.4100197970488245
0.6010183722220507
0.438452943046521
0.004815572602001175
-0.04636120038258627
-1.0442580097417897
-2.107616627067026
-1.591541286117729
-0.9154734856318447
-0.6680498966669168
-0.8197022589529792
-0.05162336297959701
0.009264197567640783
0.1347505882412668
0.5821995970596479
0.47647978311348027
-0.871355469466861
-1.9372149933409162
-1.498948370166619
-1.1178997470034995
-0.8309369427750141
-0.3383245367273148
-0.4800550979904412
-0.16917034107495776
0.39873413060940294
0.7779094771438546
0.20322032872279572
0.5874029367047987
-0.7130684465997829
-0.02269165728365731
0.08975368709690641
0.5388492890429077
-0.2907612089521505
0.0709007007631575
0.2381345109366439
0.4913940385074771
0.918074340301124
0.4232536972816077
0.0933484084442386
1.135551574090789
1.0278584573867036
0.5374254158045273
0.36029528708666453
-0.1637551571095936
0.5911623981529075
-0.21190158070145776
0.06036744095814922
0.020578623461643672
-0.17813677572833136
-0.4803598568345875
0.04852346634253818
-0.5709459998146251
-0.7820782525130479
-0.9681656405920491
-0.3835544478386481
-0.8321269947611294
-0.7395485654994712
-0.8963946950799926
-0.4774571220220678
-0.7601870752268166
-0.3763721166857098
-0.17635644067752454
0.014497941150806049
-1.1335576760476855
-0.24646064699917486
-0.47498545271954296
0.32458470754568874
0.6794674004054169
0.0989538666162771
0.37784425653781895
0.31003117911322625
0.6700528254177437
0.8081795596305665
0.9380106018500692
0.32212657974374165
0.7560393938266882
-0.03237701039056863
-0.5245394629311968
-1.2823066482215337
-1.9522729348387946
-1.0608209479089035
-2.486069183357458
-0.3500930158640812
-2.7085194458835447
-1.5068615665658873
-0.5458069958527114
-0.5997668296088134
-0.20026548042876358
0.17115181030837393
0.18736443517279083
0.42988286473051096
0.5488632941975132
0.5122794139514275
0.5039599059459775
0.3216155602888348
0.45194609837206356
0.7928113275039206
0.9016878833964875
1.1733485473609127
0.4862778119817087
-2.3772167308352956
-0.625722913246908
-0.14755707304680576
-2.6200127415191545
-0.4899602586671834
0.02692474948060218
0.1346594505653408
0.23547991670585333
-0.11116498427323239
-0.40926423520730815
0.07726216795443315
0.485234306595808
0.27823866211221315
0.06888515437668963
0.10282445963950901
0.1241414624324927
0.8470493969863706
0.7734169829600002
0.2381982530300502
0.7641470810276474
0.7676473231858584
0.35165400357120813
0.5249121355229686
0.42478984722884283
0.2436414864214483
0.06120429381810606
0.5639674410664797
0.7575452818369957
-0.6124252124720202
-0.2951661409551778
0.1915339948373339
-0.36761669259515045
-0.11293291459969294
0.8059221907537487
0.976785688302968
-0.22545620147947876
0.18619837561617236
0.528607197421257
0.3977666202913765
0.8881040537225379
0.7754492065262966
0.41398394130316685
0.02413157026318287
0.7820791793057309
1.5360422423179385
0.5529209751990279
0.9000619523399036
0.7567693953785338
0.8478079702853133
0.8878882226464369
0.8092164564340518
0.9724196063019638
0.8956635441654437
0.30111723465969387
-0.2413252688035229
0.23520072992692403
0.5609450853614781
0.6087348749520001
0.7140970663167112
0.21991810936210676
0.6884553464929166
0.9320666554445124
0.6782190391538235
0.716091224629519
0.6760011387166922
0.2730004060359963
0.5148839906319369
0.40400897671443997
0.7153788557775478
-0.35604855592473206
0.3170680985959918
0.6907810076919518
0.5088010109926102
0.38194141566406203
-0.029607099819682667
-0.7290082034874552
-0.08709769151441869
0.2065963899945052
0.5057442500136989
-0.2812316105780232
0.03979363357556916
-0.161836671339606
-0.32556674086083015
-1.8136132019056914
-1.5424098543339693
-0.4460009788990541
-0.1765573099224126
0.4158102925586803
0.16133182240962318
-0.5531291273160533
-0.4812329658720095
-0.14521234504099712
-0.34734505224216405
-1.8064700872130695
-0.40029126830014217
-0.11176624652620341
-0.04032811065662488
-1.324497884152906
-1.4780920223707465
-1.6119990601522804
-1.236940427778181
-0.6309172807314065
-1.1434844533986266
-1.828698334001966
-2.2969493011005127
-2.343552385058033
-2.0449430982249317
-0.9787825154869467
-0.39771982902566216
-0.30736831589446945
-0.4583617134675877
-0.5055264021317483
-1.2077316754039018
-0.8015848908172258
0.11818389804686187
-0.6948332461540122
-0.6375877890772796
-0.4963291961233388
-0.01353385745982498
0.5166938346371037
0.25318768972980243
-0.6474270354855509
-0.31656823227071107
0.1648154866332945
0.37647710206852625
0.5435431359278955
0.5775610581484794
0.5082672810137
0.78721442982053
0.6654903943944641
0.2830104230152203
0.5411906248814174
0.23542014469855116
0.4407019981060095
-1.107922533118483
-2.0117546982344536
-1.29382021460277
-1.3471710243656143
-1.7830270666960848
-1.2674220717682123
-0.28558735329472373
-0.9281118239926525
-0.7215892115766896
-0.6319934902100193
-0.6045052383271782
-2.3052079048420464
-1.4637176226446673
-0.7113893914179863
-0.3519534726116674
-0.21819801943366568
-1.5563943391204238
-1.5258716845585378
-1.3303314428060538
-2.097169356378174
-2.4937019643788787
-1.6595053103361277
-2.861348209196971
-3.8276518957618495
-1.510008361041095
-0.1185436871111767
-0.009828017760614469
-0.24689590249294846
-0.3097364500076339
0.20519943048171924
-0.3447840423692099
0.02292020744115622
0.4638197366399282
0.5627774262927803
0.31274845519076533
0.6569544458711476
0.2800898216452728
0.5577100112120564
0.4844518202013683
0.2692575748762541
0.4967902016800035
-0.048888759134641954
-1.5466369885854463
-0.6810541729149974
-0.5402212071440227
-0.21356893473749272
-0.10671590235744365
-1.0634808487065845
-0.6752215791339629
0.4111799687501698
-0.08237622204644708
0.7162106032146777
0.9207163895067901
-0.04247045521049729
0.637346752007891
0.6328526350082165
0.9349461062166189
1.0975832814132693
0.9131224466208758
1.0184071143442655
0.7697381339672547
0.7692501205632362
0.5920478316785261
-0.18186405209455175
-1.5469495644966207
-1.0187544028579134
0.1649060308496078
0.6898964233638314
-1.606793818055631
-0.7574430935974152
-0.599238688809665
0.03918753935604043
0.19039738870207895
0.3306210088992744
-1.8214293527355405
-2.494751578819851
-0.4677140475567605
-1.8976222250791013
-1.357028173079356
-2.1095495439635292
-3.569095872468679
-1.0747624764646557
-0.7217589947825872
-1.121687390367457
-0.21197014694806693
0.5170733726000603
0.413408163524147
-0.046099089684843095
0.3568563259425806
0.45266843967499537
-1.3037058296816553
-0.45256286156941505
-0.2187807004931639
-0.23600384636016047
-0.6443422838796637
-2.2845882131521176
-3.7636502897321065
-2.493910227001351
-1.8037537307339468
-1.1367991813596876
-0.48289895351844636
-0.6475917335504301
-2.493429445558281
-1.5308709000573244
-0.3823757139965732
-0.28077756253909597
0.06984733594146593
0.39021983183326875
-0.09451986808504119
-0.7633513420142166
-0.9061153323245159
0.1198805188218231
0.6789795807596832
0.302932875950021
0.5896798595468716
-0.06538311082441468
0.4911381579849909
0.04583387698195991
0.29986301063962323
-0.1090236229298552
-0.4709058120325239
-1.7101139306105548
-2.4927109286284983
-4.052180618862913
-2.922344528460719
-1.2793659844372334
-1.083831298414256
-1.9560948680858679
-2.3531913923398604
-1.1334469929371105
-2.398194867865668
-3.2921115146256046
-2.184859000266511
-3.108338679258199
-1.9542082938165262
-0.4967099175769243
-1.0219229873297895
-0.5142115169345116
-0.44247038843005415
-0.9471034377317109
0.07214045685651045
-0.3111657499966075
0.43743064229578854
0.6154456519665368
0.6561335336456104
0.32881224584212704
-0.16803491871933707
-1.2358311834211766
-0.26036236268014734
-0.1550577508902049
0.19759491683922836
0.15216020672064462
-0.33522671483432775
-1.18391212600632
-2.4682127323899383
-1.1956537486757286
-1.4459321210069391
-1.3732694904287195
-0.9292009983819076
-1.4710415586978172
-2.5265671045921976
-4.036395488407324
-1.6106758718572047
-1.066826923617393
-0.7359901303204606
-1.97072946944273
-1.0518235968984724
-2.2658707689003195
-1.9398934348176713
-2.1777211931622817
-0.9388585502683784
-1.2481303448596641
-1.8722031681792537
-1.8222828021994713
-2.1780862916381625
-0.7988226533088698
-0.21439041418186988
0.224912795878145
0.2173105072421363
0.20182867953052852
0.09303736668117236
0.2957136159698878
0.042257786164559705
0.20482126468455858
-1.171468614890763
-3.31683917645287
-1.75206779588932
-0.9111917271961925
-1.445301680339724
-0.9954661822045547
-0.8869388303076924
-0.668171385741542
-0.9631975841088023
-1.1446597512290495
-1.0878000814738853
-2.020474135446517
-3.281977669676463
-3.0897536299510384
-2.3617170841162696
-1.0705640707700117
-0.6705466273369886
-0.12182784018521774
-0.34542906645013705
0.052230879325911264
0.07720648056316128
-0.5744519167758597
-0.178300440955298
-0.11108253519332938
0.23638698130039476
0.02702445382158164
0.2303045680056253
-0.18758671676526995
0.14638729752260826
0.29863788622680276
-0.17356937159622848
0.15467068408091553
0.2879711219081234
0.3487253633162185
-0.5490361127096708
-0.2445787735081631
0.11804784771303274
0.259727320941651
0.2611527372107575
0.5314291415259089
0.16821721614116877
-0.40387635611199646
-0.5215281490379009
-0.41587290129500953
-0.5128279647024296
-0.3123396643740637
0.34325145560652753
0.4134347411363741
-0.32964004174879574
-0.8214707553968075
-1.9475231757030667
-0.15829741524053248
-0.3997356594974314
0.05773141915153364
0.09045129654145963
-0.15352465521003972
-0.6813752745245061
-0.930731857498472
-1.0311263835244113
-0.28939258329542
-0.4596173408345221
-0.2325998345852347
0.001191052037099502
0.21331139406970423
0.21245006953001966
0.0676886944175333
0.2547831404097443
0.11512275636286863
0.0774123805728854
-0.18414350413062874
-0.01340288217582615
-0.04106320952964247
0.12342474691223877
0.07003230739128348
-0.3665776954318181
0.0889286596676135
0.2678940318264202
0.02136515158801197
-0.02795460257324385
-0.13418315554978322
0.19746301340422148
-0.4097936805843775
-0.2599064885592589
0.0753583763483416
-0.21360790834375099
-1.1150505134070976
-0.5636620278672626
-0.5619379368985202
-0.3758519401239446
-0.36094160715694534
-0.2638599128910849
-0.2567609815442785
-0.10876100230087819
-0.3646497420918501
-0.632243954660924
-0.7122561037747062
-0.39401381521684775
-1.2215039208467218
-0.23667072751518642
0.30552260298605327
0.27378790260025904
-0.22509215344289601
-0.6823303459138234
-1.3732219985172618
-0.6468389558339545
-0.3270223277437323
-0.06526343753168316
-0.2670942432940389
-0.01771058598222859
-0.47828473748563904
-2.2707301388701495
-1.9242299082183645
-0.7800474990717081
-0.053467341334586235
-0.11536308729045562
0.12302527017283044
-0.1584039096936405
-0.2234544315997603
-0.34851897166889634
-0.26430153621006386
-0.14836927405222017
-0.14541139710284712
-0.7981507786170664
-1.3758577966772818
-0.4132011364953828
-0.583551201930728
-0.1556854042015769
-0.25731591034133666
-0.560142829111627
-0.3236289515529085
-0.2579212769730119
-2.2091707314321707
-2.357084764105921
-1.857181137148048
-0.3256922914392508
-0.38760388536537815
-0.30856295159343317
0.1333744516596178
0.17391152401639393
0.27985078827790355
0.031188396095664636
-0.5073849807752289
-0.6934924391857958
-0.3525637636723671
-1.0731072559003239
-2.639725452109565
-1.9150486670595503
-1.6111587866037707
-1.1360311872923143
-1.8697543204626108
-3.2583840405745623
-1.9305915222036365
-3.0968741061600924
-3.206063674514006
-1.5243411154059474
-0.7882987805081862
-0.23695678080832444
-0.19141296210994685
0.09867567944317444
0.036476101466746416
-0.029284093655373586
-0.8144663681372711
-0.9042132706258237
-0.2402270754667838
-0.16280617798010533
-0.5626399881859817
-1.9875357389275652
-1.431745447079671
-0.3834808327510326
-0.10293347476308766
0.29226573148662843
0.24925714910160068
0.23264790845977673
0.4712611043795881
0.5353310212421292
0.6630083754479079
0.5733175164509667
0.1715698060204447
0.3713283614842016
0.42175572348969204
0.5789354481414977
-0.1704002940611401
0.1529627933013368
0.14587426133952613
0.37394751660234293
0.20802716831513057
0.137957626880557
0.05104667572694954
0.29676785817480156
0.19671661893108028
-0.08705231660382114
0.28543468951104695
-0.17397586536042742
-0.07908659782071929
-0.0013930595886329916
-0.17148442714714607
0.14749894214411596
0.3975177344299891
0.4159423232597379
-0.1168558812489411
-0.5882270482154108
-0.018583732530045513
-0.7979960627899451
-2.4277682152053393
-2.9632739981729195
-1.2769331042535652
-1.7031612348761425
-3.165417999440088
-3.8435609539901763
-1.2438775217686613
-0.3792440949833147
-0.4730480994956566
0.04386724888630236
0.11970881189054049
0.11283793602369846
0.001631983398115669
-0.9684300871628231
-0.9111858406818936
-0.28995869546983455
-0.27632314902617083
-0.3040566542356694
0.01705009633170497
-0.4788363163183875
-0.09348096982914124
0.026594568899738005
-0.7604307731364919
-1.952633014151763
-1.1139992609003375
0.0976518673310154
0.05260081245773386
-0.04557636453678836
0.23252049302585662
0.5073148923326648
-0.08265364175490279
-1.3496815419040749
-0.396278906885449
-0.005209616359826683
-1.266547909029195
-0.41757823025341245
-0.11506113180834056
-0.3226324861836783
0.08779444539814897
0.07570132100669705
0.0517645402735014
0.31023022241895776
0.0746104427177598
0.14107871702293667
-0.17191303080875753
0.23479250906020627
-0.08369287208049285
-0.10503454341060488
-0.1756404804971209
0.08813486238414484
0.2424353251358663
-1.5597141277540056
-2.7078212510487547
-2.7324769015554087
-1.122950855172979
-1.6215805996222394
-0.27808968165790526
-0.41281760017248714
-0.01734673912355976
-0.06084625842573464
0.04921004463549837
-0.21023002722440892
-0.11888625966781292
-0.11065695256746681
-0.018133390479024583
-0.8790969435705038
-0.3862543622785024
-0.5289087297415969
-1.2541634430896935
-2.4171720322286245
-1.0847223312252998
-0.4866958720315384
-0.7927479073133971
-0.635028928693014
-1.9839908158477022
-2.547853397932355
-1.7589893674324828
-0.586320470369098
-0.628406309226639
-0.2667015547382069
-0.6255458368048423
-0.44140378392851953
-0.3775520209326596
-0.13827193109485925
-0.008884150531532062
0.05516915470535905
-1.3461414100046036
-0.33365116398870936
0.016473907682903063
-0.027321576940237804
0.3198459557863774
-0.3775759800892827
-0.5813490976695646
-0.7185659977996236
-1.1029131406266743
-0.6923362136419859
-0.5960547246945987
-0.5203905027680421
-0.6330433023015625
0.14556418047097464
-0.2494893327911505
0.29430078329582693
0.6160631465091702
0.48740300117335406
0.8947318855879287
0.46887647907542035
0.6121784215729464
0.35400492541351586
-0.036603872024648085
-0.17313354620422655
0.02213685052291682
-0.5680364181924901
-0.042130642924265424
-0.13772992436774556
0.03482450474883238
0.4155389837653076
0.42528671433997856
-1.1772774540166207
-1.7644281777131774
0.06357729783667929
-1.3100203738492686
-1.170437437491183
-0.6094586897600189
-1.0940759853572615
-0.7096288800196715
-0.2233706736233647
-0.20701376352996004
-0.2563336641202697
-0.8015312473086689
-1.06910176530737
-0.7055728166692412
-2.1416733465243416
-3.176652681670219
-1.8914620816661678
-0.29764334559454286
0.07242795453058623
-0.03753818415460346
0.37293505324236426
0.38369359746863496
0.6018292249042687
0.5781838236367267
-0.24638932082587162
-0.9138645624521173
-0.022041130646517845
0.28584993554675436
0.3137836711138337
0.23713585575009394
-0.8733581991457545
-0.17595192893917566
-0.26164949262374926
0.2955636376915894
0.7260882442545242
0.2026652418935743
0.6144057306796714
0.46180073415293643
0.45584258180612836
0.06181069801047098
-0.7102097213019919
-0.455991355939914
-0.6673147372023949
-0.10060370775794157
0.1965598493164763
0.6405751789876741
0.20774800765184537
0.5676254854119595
0.7726135281538883
0.8761645094293304
0.7945634148721215
0.9811993303876275
1.100883842783329
-0.20123215632546143
0.6794542219396321
0.45579790866877645
0.8765342255944516
0.0597282402961154
0.08140341800033189
0.5045370272248311
0.1482808827972177
-0.0908038509982662
-0.1617912410115998
-0.23407781629989433
-2.6043650304716093
-1.6641463197269653
-0.30827368288204615
-0.312739079977198
0.15586945841023758
0.39046629682308376
0.5573428002190758
-1.1400811845525323
-2.398145134722239
-0.8826578839190526
-1.5647071113579714
-1.89566219872557
-0.6610945706498422
0.055704984648809144
0.3799783120574346
0.1229620859569203
0.11356696863860392
-0.5750351725441519
0.1590054097733654
0.22193457345421416
0.1485196671170225
0.25453331861503986
0.3519160837779234
0.6771346806524262
0.29078936718474646
-0.16130006693635246
0.15202856851146523
-0.8458410756019514
0.06590382256640989
0.24423042547378598
-0.010618036676598039
-0.7292563130030227
0.07241718804202578
0.32005538616883533
0.1258053063840729
-0.4749658634122135
-1.0451039928799701
0.5408886909602019
0.7128605992414925
-0.3907145922712205
-0.570763405320312
0.1761855069921225
0.5694461038021211
0.5798222974364924
0.35970548853324485
-0.3368195430592472
0.006980663093168166
-0.05681250309072024
-0.127749021621278
-1.3249793369537377
-0.22706220378300007
-0.3112722294574622
0.03820076805651039
0.07946648796651391
-0.5795157156441626
-1.318074684050753
-0.27999074584619943
0.23447033996369393
0.23082575454355037
0.2975765125906745
0.7088754170437817
1.055182107326596
-0.050434478883488884
0.4589469992634563
-0.29428302842742693
0.38645069732640214
-0.2280597122909488
0.8123179897426005
0.37513881620758627
-0.44552747979431273
0.28316601211001474
0.27657795232655086
0.10754797194434434
0.37016553883652337
-0.14988165245652396
0.9365951005503943
0.9988554977570134
-0.022306469421652084
-0.4549511244817781
-0.903890553231514
-1.1952026238708104
-0.80211206674818
-0.8783678141820679
-0.17932508726124957
-0.1391148410085331
0.19020875748439892
0.18304738885062172
-0.008556584445599466
-0.47272461599829985
0.26458332241501514
0.22135123641619037
-0.18974240521752916
0.37768694717242485
-0.10373933051493618
0.4790935834430381
0.10388224272462769
0.4074883452103172
-0.36721936763764806
-0.5165651505911453
-0.018699831703080802
0.06931389609554205
0.15444885577742085
-0.12546495224572063
-0.33593392982451015
-0.09181255415316573
0.4157234806061991
0.4332321278764179
0.5964055645360529
0.6414624429003252
0.3865257101399361
0.7007419440530219
0.7114334226787076
1.1919197593603306
0.7164229488131248
0.8229460228700055
-0.718979902729999
0.18515176382780302
-0.7059929861436762
-0.1290911399544148
0.3601239432934073
0.6475109757889124
0.04763385576825045
-0.5276435659682983
-1.6874329557700587
-0.6540970374626149
-0.028902011002949327
-0.14413819544652706
0.13247160289218113
0.3109181209376611
-0.16842614510820753
-0.22690265933209264
0.027202354892910965
0.2823633823102938
-0.1636299777590302
0.669336963640014
0.43948412928990366
1.065592515528588
1.1264997933376037
0.9011878883617019
0.9120705472766304
-0.08046011265793919
-0.26099677836122115
-0.0628971862090734
0.026870578817512106
0.18681703808848882
0.44103019368395396
0.6906655488240248
0.8945993461328415
1.037291235730098
1.1026726102378717
1.0382667904892326
0.7144560987914353
0.8530328158236675
0.8880650279396556
0.734464090517214
0.5298235373471065
0.44226293229865254
0.3865129656238748
0.5334225793577739
0.6725826246314489
-0.36064962918570787
-0.004146374048747445
0.09561632559959769
-0.4648239379247555
-0.15830913816229225
-0.4209034552435774
-0.22363058171060385
-0.8209156836762965
-0.16561126783821434
0.03908347665319224
0.2370279352909722
0.19213653169272732
-0.2009546801031531
-0.10595099611139495
0.11831051233008795
-0.3498294728549426
-0.9645251095342455
-1.5894208131096335
-1.0240926473087366
-0.7992730544804544
-0.24905533186462814
-0.2868250010313691
-0.4960671490820896
-0.5370481844059376
-0.5923103836413246
-0.34275959208804896
-0.11745107033194681
0.038758946116408
0.3977412290637646
-0.10839484607090659
-0.01114468722470048
-0.053458595223839264
-0.33800453681035275
-0.22744112822451534
-0.5292015577380182
0.44701643117024603
0.5985418874771957
0.5530866398439047
0.581396474354615
0.7905195065612606
0.23000337043607247
0.5857012800253278
0.35757267600369286
0.6852621278898015
0.6934612011830188
0.43734772906733405
0.5611614718596942
0.5264230649617666
0.4744253869030075
-0.25348959964229684
-0.33417267834201814
-0.0268305845617806
-0.24853544803195604
-0.13142348819404875
0.06312316639817946
-1.283609226426887
-1.474277497051925
-2.166320926243967
-2.7593709405697058
-2.6009198574767276
-3.5147646810665836
-2.198097641654469
-0.9505373300273936
-0.2688155825106058
0.04820664577119692
0.3421378389645257
0.2241137734496897
0.4364944766925867
0.5346790738938345
0.6132421300042488
0.46126438674914716
0.28349272883172566
0.27564014029692996
0.14662575671759126
0.43628089730668923
-0.12428575201648061
0.06197911076954708
0.47246100996783646
0.2824397315024243
0.057512109714172546
-0.44055023358867595
-0.07733159020177645
0.03688755411462337
0.5630336727065881
0.4984138492048249
0.5928395419099649
0.7530271943259843
0.5136911342815229
0.4472871321362985
0.6517647525316679
0.5765028567687182
0.2021604485981135
-0.024238715186971863
0.34712762813818415
-0.504351271318521
0.21048164398326247
-0.3001640667228058
-0.009268039206956749
-0.7016606743267306
-0.016225788030870422
-0.4555351588167349
-0.7279270989705708
-0.6457451503735416
-1.304007411443898
-1.902452351353435
-1.6025935236736917
-1.802642820411282
-1.3956805230081122
-1.5986272663893522
-2.52882409879953
-2.8423442985075416
-3.046893439500065
-3.953598940721902
-1.653099739448463
-0.7619291442538956
0.0067287579529281966
-1.3604475428391936
-0.25740553162660845
-1.4649432562284892
-1.434369946574343
-0.6078313866567326
-2.190835519049633
-1.2712711452719176
-0.41970678896546687
-0.02793505941127282
-0.17866052519937903
-0.49265414971676025
-0.29484814020217925
-1.2355468257427784
-1.1759791169417404
-0.8004907078689092
-0.8003143907791093
-0.9847943956571998
-0.5090781449003007
0.015877336089272956
-0.13973624635139825
-0.17838267885933856
0.018674153706366395
0.1729337127070536
0.2982660642305182
-0.026599433602873382
-0.13449964936517145
-0.192125494129963
-0.12398517861827339
-0.020531723085978656
-0.13385102430756984
-1.809197074870695
-2.098259031292488
-1.1448689391077775
-0.13430553791089844
-0.575558134751663
-0.43738937550122803
0.22177791005127961
0.1947841041844603
0.3971676984874076
0.31803808717560383
0.2878285945639693
-0.6722382252737785
-1.4206325983637804
-0.2254926666119318
0.012112882732430288
-1.0607513352611144
-1.0798113705572083
-1.2998547668384663
-1.9031657436642058
-1.8984724794291812
-1.1733717750628212
-1.324702160200655
-1.2791096980326753
-0.8553254920904909
-0.5425871029878453
-0.2404616013011518
0.1300038984621429
-0.4735090623747361
-0.5982806895881991
-1.146937584470703
-0.6020593602949218
-0.976706681116986
-0.10767705765573414
-0.09474747678144411
-0.5766922636776963
0.17963319955526325
-1.1051676170271516
-0.21518225156750392
0.290398398445445
-1.0706892549598335
-0.9233438658052611
-0.6766685683963233
-0.25685452327970737
-0.6391038227032604
-1.5827020617412622
-0.9752146798754517
-0.48879125495147724
-0.3230823217194744
-0.680912611876255
-0.18502092769474887
-1.561431770783531
-2.067724924563398
-2.716885678091224
-0.7850277918958177
-0.25438924954467107
0.07356817432637026
0.45775186468867723
-0.024438503287431315
-1.1676572890898909
-2.196324239595011
-2.893103259987661
-3.8941925820069696
-2.3117893201216586
-1.9187989140647184
-1.5885976164520645
-1.786476126715722
-1.2771171759774833
-1.7910378825576811
-1.2729071891670856
-1.960355702544894
-1.5407485276024229
-0.5804656865948561
-0.1250908900384885
-0.28452416709435535
-0.3290374609236065
0.006325958228877007
-0.9088216647854936
-0.3080510584361693
-0.3968417766138814
-0.7211846955766732
-1.3025143571135995
-1.663828940451257
-2.8393039381209633
-2.7893336970832916
-2.823804240855503
-2.837657868631354
-2.3453758419001107
-1.4263173043476252
-1.2565518572706522
-0.8126336088166144
-1.1577836631616714
-0.8759925828175478
-0.5352909014362048
-0.45292613718684716
-1.0962722410381458
-1.3021082851364587
-1.7569071421452138
-1.9124311173935098
-1.069176482054631
-1.2408058501077734
-1.6198034107220145
-1.4222907702382857
-1.839339885089679
-2.4355799252008232
-2.295049727515531
-1.9037189693919077
-1.4401702127961042
-1.9036647263407471
-2.3121640040591003
-2.141825318858286
-1.1013676131986652
-0.9000841213335011
-0.7533590451474521
-1.2440803611715907
-1.8338798222609851
-0.5819841700378554
-0.4592615544304016
-0.4281075262573696
-0.31325297669424523
-0.22472677371134187
-0.028626796523964174
0.3277118632053921
-0.20247041029899832
0.39018468777662774
0.5457674931283334
0.523553010944219
0.9126088159081206
1.06517993237237
0.9119422404012747
0.6248504411981285
0.8028407022249077
-0.3445755034179442
0.2238655453430104
-0.374652736831216
0.3101904222587886
-0.12680378116952012
0.1054551694996826
0.17134858995639654
0.7370686426206577
0.47158583465791776
0.1006970306567804
-0.03350687674576157
-0.7799851827583127
-0.20138895640653098
0.37497729506489474
-0.2538816929896138
0.13757961662503765
-0.12492667138079326
0.19095655539377715
0.4730583282971159
0.6365549482357482
0.42834225719754515
0.5541348351269229
0.6368012024274234
0.7112809871878092
0.4034063619753233
0.6802389053633048
0.5797624212228615
0.5926310661748547
-0.46231708468183563
-1.3495163648201538
-1.6462965080939875
-0.7897895574738476
-1.1394905677715352
-0.40600330674399787
0.12090019852803509
0.30993402610977827
0.24661502298809312
0.6139366595717027
0.40793945850479296
1.1019606920726377
0.7518186450421822
0.537542350343197
0.9282613181941286
0.7305334147726787
0.6363608573274
0.8444217986029685
1.020373988455338
0.7463633586861614
0.33555720591524635
0.6255591918902342
-0.6548852858259303
0.05876476058324283
0.39605879007878014
0.5032694554580789
0.21353831597508433
0.21516653780046358
0.19210173947342601
0.298406211782586
0.36130047672183707
0.481923869590381
0.3029287170143344
0.8564840643616572
0.792892485243751
-0.19610505360885278
0.3657486900442449
-1.237426791376416
-0.25708104675033955
0.3610978030977492
0.3864175823374863
0.4267245880509637
0.9498237721344646
0.6671265787470454
0.010806620584975599
0.4565683707761844
0.9354770366127759
0.9752136596804404
0.4908165406104926
0.13624293442323582
-0.6039292859611478
-1.8662809114337888
-2.285184489028057
-0.4899885940084815
0.5294139269867274
0.345761996467084
-1.1803373365609886
-2.151373386157391
-2.8708057534069686
-2.078861070484834
-1.6960538326063486
-1.496469919569054
-1.0151486393547648
-1.2891422695324617
-0.8730873442084953
-0.4665362133830664
-0.5760017432290457
-0.2787487325133173
-0.04314013948581939
-0.14819005770972898
0.25070111002209394
0.07184624985963352
0.35144702961954327
0.773611149755525
0.46536627432188105
0.7071262265994379
1.1271112660927103
1.2423892234433829
1.0585018757221842
-0.19071377390539107
0.15782988663343114
0.13547293010722816
-1.2070472841001085
-1.9382893599887296
-2.8642570364697435
-4.413844449586297
-1.7009161042235341
-0.6041496485323087
-0.05636020398613893
0.042708360428557315
0.183594680746686
0.5912209584493509
0.5188851383529067
0.2954908885598277
0.287728748056018
0.5391841204615162
0.7264601724563581
0.061620865868763516
-0.28596160931237186
-1.0190099154865169
-1.5638089744012245
-1.9687845983817578
-1.968115903074224
-1.583391997118061
-1.1984093332476282
-1.1430842674569481
-2.3213987846419872
-1.168045678994116
-0.27845380136633124
-0.031217430814908673
0.719107596306445
0.19012752307842334
0.1011702442725967
0.24009874008876853
-0.13997533334343926
-0.13408845252056817
-0.04887490936336718
0.16230615450694252
0.3578624868505178
0.34837223013088703
-0.027394804932794545
-0.5532478101876368
0.5170986306786197
0.6076028246890327
1.0626640233558022
1.181933127110557
1.3642672933269522
1.4171676065020855
1.4295415026376634
1.2931934509712026
1.6948953234650121
1.4847932843152865
1.434904378122106
1.5964635674418848
1.5714785530883697
1.3866646853456133
1.4913208520244439
1.5959662280396403
1.8935228919204214
1.7907795266699418
1.9906152174782337
2.051363093709516
1.930919665787829
1.4058038706029072
1.8658233031094955
1.5773097390586541
1.5524790251536693
1.621961610740728
1.3739065335188352
1.6034758669117535
1.6364669605344238
1.810969824100447
1.8606511224510904
2.1545241550200354
1.8499956786827048
1.3199343394964926
0.2136429874365191
-1.4651080174881055
-2.687390329589785
-2.4632572767243195
-3.056043973143634
-0.21109797597773983
0.5560115118607108
0.13594603777236486
0.1535949526468246
0.5094678622862437
0.48530967629365873
0.6184495391262707
0.5627569282653606
0.025289166712274894
0.25240764771787294
0.0542280706379077
0.2156603007025974
0.5027003078955278
-0.24746436046148562
-0.412772677659736
0.3625702555169474
0.8674714376253845
0.9700768175268482
0.554953971628238
0.6757648065448937
0.7173819924648555
1.2213556871663922
1.1231009398109886
1.4079429583999676
1.3011768963545745
0.6336859123863356
1.1667964730983507
1.5626225526832545
1.4169512477110404
0.9185458012537654
0.8461427894328151
0.9829744209208611
1.2441587335898687
1.0442998721435774
1.1515211952653142
1.5924358633824194
1.4447276133363423
1.3392296035233797
1.58174071102738
1.4343548280248462
0.6717088776653978
1.1787187952981926
1.117074762659008
-1.2563515541255583
-1.1266689754021613
-1.1993490403232858
-0.11577435004506913
-1.0098709154494228
0.2510916438120535
0.26178793433962244
0.4122483225134134
0.9645190263341412
0.9566615338741398
1.312227598384205
1.6280348118040298
1.5315271488500102
1.0690351334481598
1.0059873488114153
0.8442017431913449
-0.5140476205643159
-1.2301633660083278
-2.4938774287269814
-2.3826574458596657
-0.28828977341274986
-2.0757178398834815
-2.3583127776643624
-1.2986814860672657
-1.0914368516250745
-2.180283532421355
-3.2568490282482463
-1.9518368431932496
-1.3088066469580664
-0.889466624977473
-0.275645722582192
0.07047037902493593
-0.33605766751970495
-0.6102062194389558
-0.6710979400745561
0.0970972107207674
0.5036651874973004
0.7508717575256719
0.9585166994778582
1.029171910252039
1.0056688628216257
0.9669904171265477
1.009854484227116
0.4246139914314889
0.6220651908493537
-0.02816814723510601
0.5378824000501734
0.5729086628496295
0.5209961206267024
0.8060206968566145
1.1327026136809892
1.2246792267538584
0.5855932321014536
1.3852094560593493
0.8767390035220772
0.9204801820066912
0.5531053193865902
0.42005171745003256
0.4339536321739319
0.42224234869148036
0.1414142411363758
-1.1541311311146094
-0.8263198917194499
-2.017164214128137
-2.1286932850622464
-1.1558646485847601
-0.669374347117197
-0.8298351616725692
-2.2241413445435114
-0.5902841840310171
-1.4952725728100191
-2.0748451640153234
-0.5680776039129549
-0.3207879446179005
-0.44852783550441233
-0.4413549330878188
-1.0576737633100592
-0.9091339390075692
-0.04646771716609137
-1.0208028303337993
-1.282746238997403
-2.13755486399762
-1.4760645407473127
-1.7469976312746114
-0.6605309206266581
-2.578607707568877
-0.8996740937544836
-1.7893719386526636
-1.514663691323446
-0.0506516973509845
0.9337057786671064
0.8367619002664141
1.0735381898753573
0.918439980506874
0.8556113036561888
-0.3647404482388351
-1.0812345792774951
-0.3832049052381582
0.6061842828763031
0.9069201194759918
0.7067864748077098
-1.2478264670102286
-0.07963487455156056
0.6717447565387785
0.7260417102227219
1.1332858441329114
1.015820828648137
1.2353930949722747
1.165351622663108
1.1341440191976542
1.2246819768044686
1.2459422594249827
1.1102347047721874
1.204989874717104
0.6403036033975215
-0.16031506686458796
0.1512469614930081
0.8466983250216933
1.1727195956152228
0.5601997489581899
-0.20597357882255496
-2.8960808459347986
-1.4053269461436022
-0.5140266236219456
-1.332673954419079
0.16937501390087562
0.3182989237173455
0.364623260776462
-0.34261047600237005
-0.1828873169520966
-0.11706928398872372
-0.5981028980838453
0.4494887206449715
0.7838618900701783
0.43233616136787534
0.5045239124183446
0.847451772259783
0.887790488016724
1.11010640256103
0.4784319717938407
-0.6089278335388653
-0.02820319680433757
-1.1722433131265635
-1.7920166700248839
-2.328828651832644
-0.34225689949816185
-1.8282922698799178
0.182984470731211
0.5252315305154133
0.8954128683960675
0.7280647807300105
0.7392304440526982
0.7945108288957868
0.07457357069182612
0.8676279175794029
1.0067709551347597
0.1216501598556743
-0.7767310601269398
-0.10787260196784841
0.4274850241244325
-0.19399955693809878
-2.036185862831211
-0.2129800123035303
-1.1774209179450623
0.041076413566207906
0.6171216818527971
1.2882287861691175
0.9547002925647224
1.0479019283433417
-0.9277046883487616
-0.22822863812128025
0.8770144313709947
0.02778297800358276
-1.2744895968289383
0.12606191732850813
-0.1812232151191865
-0.8422357627092913
0.6926601421930376
0.5642266409036947
-1.971315472646657
-1.457264419017978
-3.102272799344694
-2.288034879707572
-0.8370716661387063
-1.398508399805104
-0.7311328148643905
-0.6724334555715096
-0.5577500186415418
-0.45831709374192653
-0.31436308352218156
-0.20411071941465636
-0.7194829307102313
0.08815720829585928
-0.1144872566678483
0.2552468898782993
0.2837216012725335
0.12248301152162556
-0.4561327396213778
-0.08421072180206778
-0.5580265820396298
-1.474481634589294
-0.14996508477018844
-0.6154602164007044
-0.6479590062430172
-0.2465334542766789
-0.8953488155355118
-0.5793911225068069
-0.08055604369943191
0.6013835871782515
0.8759974418709275
0.9353165421345574
0.7146501154588643
0.9204648734272581
0.27107650527087784
-0.23084867430997857
-0.04424819176047522
-0.42843828675207285
-0.13352605430655673
0.09434631468158351
0.2762770047308558
-0.061958709461632164
-0.2955301061240473
-0.49106124355264935
-2.412778594325752
-3.720038310049749
-3.6967831385160435
-3.5759007567237684
-3.416506468264854
