0.2606267897199469
0.26064120679443925
-0.07670785987126483
0.13803563302796368
0.30511025848860074
0.2347299444120906
-0.12779705034328773
0.2056044823329315
-0.03917664037372204
0.3072796506934382
-0.5553680304854535
-0.5620271384391382
-0.3288710133391381
0.12491468196119887
-0.06334204872175406
0.056407493285199395
0.30595645285874307
0.420651277889303
0.4065589491491878
0.72071852334264
0.6952792715832944
0.7221589355386713
0.8570968905292036
0.9507058439361422
0.9228487023680578
0.8087431222883465
1.005405728422476
0.5465048126824703
0.3858047349550039
0.26975104040110087
0.29011783239987055
0.6411398213585338
0.44780265061038693
0.530828553960585
0.5883882211217051
0.3131583414887962
0.6232202683172795
0.4671545704648432
0.4989472706826744
0.5242050926163536
0.6407517807503543
0.9043184969886733
0.6714109325237756
0.42627236479549446
0.3934105588394512
0.139692116030381
0.49969268374176734
0.7506699876066583
0.682617611687963
0.540672517256716
0.37730666622240316
0.28625887587978593
-0.0017131246162435665
0.38016995654752195
0.173548372284348
0.36735232747626856
0.42199636996595347
0.11220289464224309
0.8017575642004608
0.5853652317987224
0.7047345406749101
0.08571570585397098
0.09054847079482453
0.07937743748795639
0.3172675819797681
-0.11878409408995474
0.08992785899076666
-0.2978065018418063
-0.6205806930895157
-0.26666204997300136
0.11055982773246181
-0.3833099750532183
-0.026688215979685626
0.027489726234657397
0.5546381562507208
-0.12774372047837862
0.20122189379842587
0.6071545600448802
0.8277395161192307
0.7555222718190244
0.690393530670477
0.8994363732455497
0.9525142464582825
0.5940874570256971
0.8457072245704433
1.0226879606745745
1.1657437133173731
1.0656177926134702
1.0776154059109002
1.1167404042794484
1.2278104567909933
0.9786565428949718
0.8014075546698849
0.8008521423848884
0.2706247698812626
0.39737948317431193
0.627171758604023
0.8576005208983952
0.8546510595737797
0.7286773865054327
0.7805259793596642
0.715747797366392
0.8971481067892992
0.7025332446707732
0.830435892468254
1.0589873167524628
1.229376288278051
1.0925287643534278
1.0631666689108756
0.897649967513509
0.8965247149133246
0.7910484518791727
0.9078357856822057
-0.04957702937389685
-0.403620323432918
-0.4159393252553054
-0.42117578883500817
-0.2939464920483656
-0.18143723579674356
-0.027928348888845933
0.17125307476147844
-0.15010500078561886
-0.3208422769008318
0.1787685067923807
0.0035697337436239596
0.11615829718173049
0.3568213783701325
0.6289755587510201
0.7999417069453139
0.41877954358092306
0.9124702932502413
1.232766114309443
1.1940095819144734
1.0630891027067322
1.155673013563037
1.2198319087139993
0.805182542993385
0.7896991553408812
0.9818970816769408
0.6035543101628441
0.7681712446034499
-0.969412113428605
-1.3970558631692804
0.15756177585704573
0.5395427638842055
-1.2823683204701317
0.35473502966966486
0.09527697905367205
0.47873677957021077
-2.1378157251012455
-2.767737604277925
-1.5287152905001562
-1.006901098988477
-1.8575000075730492
-1.8213832674659842
-2.5678279679561973
-2.3079979503446344
-2.1676143342699774
-1.9838014009439844
-2.281930208568151
-4.234953348190735
-2.2855173941655025
-0.5804297305719921
-0.10671820793119702
-0.23933781520068823
0.09911261749084704
0.5628989385329969
0.5211406078160454
0.7271838461119012
0.7853277753020145
0.9746898896221519
0.8657199011835632
0.40457452145278916
1.0093392183640602
1.0174151015565291
0.9358638651608873
1.0481014865770095
1.1481204544626908
0.6587820559720783
1.0166113595657054
0.6557437112373463
1.13719431584109
1.0841112259668326
0.07638317433511288
0.6664354839012008
0.736659179291163
0.8479415889911148
0.1394214977274404
0.49516967304650217
0.44367316179306004
0.5925885163277685
0.8789445111362382
0.7288245094266114
0.3918929217483025
0.5503372194755742
0.11612662860317857
0.03084327386335023
0.12975345067728766
-1.0984724381087003
-0.1063230536082864
-0.3576495330717214
-0.05197141740248756
0.1846752985196416
-0.36837302473176264
-0.6390185123986588
0.07547902950313867
-0.19922996663194253
-0.27037905954194613
-0.5649854063809725
-1.1705196939820897
-2.6975501287215895
-1.4754978392316178
-0.41761841629868457
0.0634755551806937
-0.2567270911834506
0.21675868053938113
0.3687104049007993
0.2829291624752093
0.36503731738933043
0.28347033138277866
0.5725027662670863
0.7834924349427612
-0.27606663327730635
-2.083193454549937
-0.9077896568346294
0.25207443934973794
0.06900746534561197
0.6923806548035613
0.4593542239723577
-0.06229631348373227
-0.2342356000767244
-1.0497213254286066
-2.0971010542068376
-2.067475574914514
-1.2746873169810762
-0.7924392990922288
-0.6266875914319946
-0.3362274014336062
-0.29311184133054874
-0.04957225853798852
0.21908800033305836
0.40699143733039844
-0.7165840367300942
-1.886903610546851
-2.201120310827587
-1.6075280026443284
-0.9475255907546022
-0.44814638255277683
-0.7286715414191928
-0.262703039658671
0.19219773145339875
0.44550799131054797
-0.050523602772806514
0.1825999672593493
-0.9673237146825786
-0.26360719811877875
0.2538377547995545
0.3105167095085133
-0.4731544772260231
0.008807887494869271
0.12779569260367196
0.265240556962564
0.7370576720253652
0.2513797938804587
-0.012705189616858792
0.7834691398100622
0.9634756147852477
0.42510978929536947
0.293835550780146
-0.392308576662623
0.2943649211694582
-0.46169563697480176
-0.11115673572684528
-0.2401166100161828
-0.4222714885316141
-0.7113817089266505
-0.14117344816148295
-0.7976117461052877
-0.8744907266566082
-1.139239790529123
-0.5652526458373356
-0.9986191874430477
-0.8666755639786858
-1.031755164954326
-0.6281956920172029
-1.1477466569836274
-0.4805961449284035
-0.12889737842365126
-0.10844810092574356
-1.5008702925748012
-0.3594129608331215
-0.7015653603041475
0.22288315915502016
0.3975031005134637
-0.1557189718413772
0.13168947371497425
0.05976053858733643
0.5130031763317155
0.5986408951888885
0.7050243201878642
0.37473917732527984
0.6161703987389895
0.04408573036306729
-0.7087638897458788
-1.524967261176447
-2.317202545684207
-1.3800675162069165
-2.3965084566296655
-0.10691100627547967
-2.3840858722647313
-1.4934318550795098
-0.2884405015152236
-0.5214299609443249
-0.13259983997029043
0.3262170095212584
0.1857464647640351
0.5859367500666008
0.5980533832820613
0.48255485438311474
0.33912692508368825
0.3000369808162353
0.4868972346721574
0.6776534884968405
0.8719339057806994
1.2771941556863693
0.3167634194157787
-2.1961226374784912
-0.48441812589553535
-0.22653126851051697
-2.733590593292533
-0.539568551028371
0.0011508985280644368
0.24286424639823878
0.12378481089547216
-0.22110146107838363
-0.35293848897345315
0.0341462282207291
0.14339942071748368
0.26705715891775617
0.24481912853274124
0.03170060597520047
-0.10238622330559591
0.4676915570804261
0.6291496047445914
0.353917243760298
0.61663180714665
0.7206829847668651
0.4780544584344587
0.3368945731087354
0.1835406139257313
0.30288590556309747
0.04810829285042517
0.2593901918230065
0.6216097189049536
-0.5579299024523198
-0.6115593361008144
-0.1553311337125413
-0.70214381993898
-0.2839121027815961
0.7252795529643906
0.7971109855467247
-0.46291261684404494
0.1032665102504235
0.41331568815763453
0.14667289049875354
0.6595794439597236
0.4656317050015091
0.28334877877774245
-0.16113903840006127
0.7116625705211815
1.615515667094956
0.1831670328938903
0.38208533197555605
0.6924847123618382
0.7756502868939981
0.8969170349373656
0.6415500984961504
0.9290922097390408
0.6726787850667201
0.04658521857022291
-0.336680619740313
0.08026386446337547
0.4012686642356744
0.5479138331930024
0.5794284201133015
0.008728823145825626
0.4322375424417124
0.8951328388877344
0.43558982496228094
0.6191920935280876
0.6147134105696284
0.29581690166009333
0.4221748012505999
0.3085937382825079
0.5185826100417573
-0.3838854232634281
0.179890396135925
0.5249645796356956
0.5382104939156527
0.4181682151774827
-0.09078559599656177
-0.8697812075506562
-0.43222696549826034
0.1290206262752629
0.5642139442008849
-0.30898498284559095
-0.022161279693195757
-0.07156313910866452
-0.37098676181281576
-1.8234754733539937
-1.7708124065914421
-0.5793238611282028
-0.23409315109615583
0.2932478319350844
0.0685701720619113
-0.6379267099261826
-0.5802698879189101
-0.2209050089440724
-0.21889958396809409
-1.7119544970670653
-0.5306992741460761
0.04406800542819167
-0.1409538155836247
-1.2527793275197947
-1.4130330816047143
-1.351269532434057
-1.2166169440277161
-0.7728481252839055
-1.1124939515969892
-1.9732351302945768
-2.189205237272471
-2.2222836354995854
-1.9408979116622491
-0.7082858968026112
-0.4899349525499117
-0.13983121685990793
-0.504730135261352
-0.4651193377295486
-1.060935738693257
-0.6705668415165581
-0.06345910592005297
-0.7724429333945453
-0.6578042682042151
-0.37936360997479773
-0.08009841459143133
0.41230284243740967
0.10983884502647856
-0.617444532615684
-0.3595845896479593
0.12500556938259916
0.4407630260797565
0.32418750468979673
0.46953118108642067
0.43536492601284194
0.4867214627444715
0.4398195285896842
0.27435832259837845
0.5273145921743111
0.5295959830122622
0.2453217553870809
-1.0630264265503295
-1.9196329425302938
-1.3786408959428582
-1.3781300476355802
-1.7246299724542626
-1.3175038078732928
-0.37987159327424647
-1.0376124464572096
-0.7885278690409457
-0.7546099361196398
-0.7169943630552046
-2.3913631063049037
-1.3975863786935436
-0.7576248319735468
-0.43359024896313436
-0.4422292440878593
-1.4746027171747935
-1.665419449781622
-1.2632377590199677
-1.8743802545499946
-2.234838956273037
-1.4550545109116524
-2.5043236199731744
-3.1824094328045023
-1.3299438648125212
0.12447836933640888
0.19308703702742191
-0.09743326061537386
-0.3409820228587086
0.1906719833777703
-0.1471669960236235
-0.06201159667497755
0.35786326438112115
0.4773430792179538
0.513567612875921
0.649518758070892
0.42578936510035226
0.6504138440180697
0.5298372201130392
0.43671732316194334
0.4464117723237161
-0.0069010297170830626
-1.4493170732799299
-1.1179714540996446
-0.649624142087043
-0.23343837143109214
-0.2185203974039518
-1.3413811471012806
-0.9917240259449919
0.25404645427160977
-0.38886490241321314
0.42005271627507446
0.6745130558883108
-0.37630350343882635
0.5654684672602033
0.5450965098946511
0.873765255107757
1.0517036931704375
0.8616788084901521
0.8397124198817132
0.6600829182945026
0.7016931608734932
0.4298071166308197
-0.1392197303888752
-1.6677675741124534
-1.0772557621598557
0.10799710043715904
0.5873876735134355
-1.2629432945730361
-0.967474512727256
-0.4694629959230937
0.041566878537805885
0.3134506137167121
0.32516997882308685
-1.5090164697186417
-2.528075414543066
-0.46341582971024764
-1.634483892924965
-0.9932168607786893
-1.7861884601606235
-3.1324466233086516
-1.0861951528768896
-0.6191983583816079
-1.135404553999877
-0.20421338404811795
0.3618526870746245
0.3529053571059789
-0.021906938502340156
0.4000418585113772
0.3966643289329459
-1.1925651684910599
-0.33510783115336285
-0.18839673427074022
-0.24056653552095697
-0.5625843229979948
-2.046914615846373
-3.2800927001908216
-2.2270459771342623
-1.8175891117842933
-0.9544731795689287
-0.42699335421037204
-0.4864806493161419
-2.103595203362931
-1.4062801850304405
-0.3347498169519706
-0.10257900078533638
0.09990917978258895
0.4575479509012489
-0.2256165628853116
-1.0998626070616528
-1.2408707822977936
0.09721265620532804
0.5597058133106948
0.23118099699059025
0.4028596862806608
0.08916620677464676
0.3482498000641827
0.035210494471808906
-0.03762054108560489
-0.214327958858428
-0.3835403521385887
-1.5809252693090052
-2.368495609260526
-4.086912302191417
-2.746458112235503
-1.3386574586966733
-1.1577149043245571
-2.128505136315014
-2.6107716758903647
-1.4052184523371132
-1.949303541519419
-3.058026809271727
-2.0013712852641916
-2.3843183576629743
-2.075137914179458
-0.19722571144087292
-0.9061357925734013
-0.7471048477333992
-0.4974452260497099
-1.0133862638306592
0.055121847458218465
-0.22183384250402421
0.168523082595948
0.6330964786188138
0.6729709416297215
0.052496840836296466
-0.4243343754159788
-1.227477672289929
-0.5882181502281822
-0.1516457369765481
0.031746543514910075
-0.0991457129078959
-0.541931482739042
-1.2640503007288084
-2.698471494803332
-1.3261757063837467
-1.4232142885127925
-1.307067675519392
-1.0368896982937654
-1.4051673253405164
-2.5345080694816717
-3.563224470721538
-1.5053358039194216
-0.9835264001504425
-0.7708451209738245
-1.8454230428850114
-1.3825095581128477
-2.10445234964848
-1.9844026626280544
-2.1561859186481698
-1.1452616898377177
-1.2467604176227152
-1.8277108079795836
-1.761061169626859
-2.263230973039547
-0.8290457504721503
-0.20419195639218796
0.1747717338963638
0.12236844451083956
0.04699549197326225
0.06353518177651046
0.13240992769744808
-0.09736739898361271
0.08968912919113176
-0.6992675794695562
-2.6369342140176206
-2.011108174624461
-0.9962166617740006
-1.3801780843063014
-0.8919409458876532
-0.9595457367665512
-0.3307027523229935
-1.1109263907444689
-0.8919817337332759
-1.2865968096012514
-1.8757827494797528
-2.7776977221904975
-2.729422296557157
-2.2097112676948205
-1.0118124819061998
-0.6569556391691066
-0.14375934432818907
-0.17892152195400757
-0.16123216694730733
0.0664825588571133
-0.5640809919799263
-0.2446287618739728
-0.22190973338718087
0.30467402720122916
-0.067655641728568
0.3454791678966146
-0.3092071964240128
0.24476463113666513
0.29482119294662934
-0.19950740449349846
0.08515145644528854
0.17464345640706508
0.29956993403214505
-0.5771160187827953
-0.2705707115209536
0.09342838668722842
0.23589628033707222
0.3796218685744157
0.3996280116353198
-0.0007838903631156025
-0.39060894993519196
-0.6890525407845112
-0.6227481325711852
-0.4391999273429921
-0.36162987853790896
0.24609790430408118
0.43244345108906523
-0.22886416001445126
-0.25865303488712255
-1.9468923005211916
-0.30427849416609487
-0.47852920640359453
0.15298876670058514
0.054999929162176886
-0.07336337568888038
-0.6940392943452405
-0.7687228936550974
-0.9906390339367812
-0.34023468146836944
-0.47546095562028534
-0.2833383161414707
0.0808294131057895
0.33048359921645754
0.3391321656297466
0.18937588705447
0.28074674596290095
0.11854635937296842
0.18364217639011476
-0.08533233405111038
0.13319167872032006
0.17095230763736385
0.2850543805596355
0.0025132829219356445
-0.45081562588060486
0.0171746770699443
0.25083052763860925
0.013967214948316764
-0.06953991475858975
-0.2379154334320427
0.17849910577662575
-0.3290344107762286
-0.07697841584709506
0.10985150947710637
-0.040908735001704916
-0.9592707122354657
-0.6081094110963193
-0.46626869192387144
-0.1921518853096072
-0.2003920604854625
-0.03224430080829452
-0.22892122533639062
-0.20954727690218672
-0.24730093931798408
-0.6651996444130643
-0.8058084439696978
-0.49475903907758245
-1.2420306371403989
-0.266995125203114
0.44706981051917005
0.45650175542116567
-0.3297435173223579
-0.748943034191973
-1.5768084781837268
-0.5642681340508862
-0.2798722508552068
-0.16131764391941733
-0.26519814341491865
0.06656733980743856
-0.4412641731237644
-1.852527696760448
-1.8867091536582057
-0.6089476906519777
-0.024766561183860558
-0.16518571759335576
0.2549957528591138
-0.016027661859280118
-0.3274856655739802
-0.34388805547798934
-0.16821196901489383
-0.02518939989104116
-0.07727411358655778
-0.6405945662947816
-1.2828072440061145
-0.41848770431836124
-0.5191627656719412
-0.19943872987495914
-0.21993373842647518
-0.5394433468796358
-0.29234764820888337
-0.2987854111083747
-2.123772434879197
-2.4366694009763146
-1.7313788029756791
-0.2756622312072842
-0.12950204145064473
-0.5552843799830386
0.11229462338650609
0.238208344576066
0.3269024317559862
0.05694622015490991
-0.460293534173305
-0.6714389522705727
-0.3951641119944068
-0.7949345910883475
-2.2760529016146798
-1.7696931623885062
-1.3559293649425448
-1.4413752797953505
-1.6695577898937684
-2.782010213312468
-2.0176783604402884
-2.3098377069696
-2.974769913338201
-1.3617286928054309
-0.6175092153411141
0.1370206522180949
0.044087491091475195
0.1971309262513355
0.16819807327257197
0.05177051510195185
-0.8923205208983497
-0.8125692043165229
-0.2228211281633519
-0.2566380511941793
-0.7710426645453462
-1.9352594909830285
-1.384871052390826
-0.14771245008992107
0.053213400062552096
0.5207917433247123
0.42749907172173707
0.1434098640150171
0.43625928748819287
0.5974175534881235
0.7674618262393911
0.6797577322025591
0.30533216993405865
0.5101475756363832
0.6051554075347126
0.7314501002091769
0.0068246598297242445
0.3042823325953812
0.3311153865812959
0.3866658252435058
0.3152222612510499
0.24563623913015376
0.025407138941486163
0.42406017259664475
0.3890962071807518
0.16235681313353506
0.5261329468863984
-0.06471473263098712
0.17339263681933198
0.0940908631259284
-0.0827298268492005
0.2666089342509481
0.5859686152063384
0.5734554702408396
0.09512982686583571
-0.3410598813358472
-0.3670345760673335
-0.8415213790778345
-2.0193032383628546
-3.108616858297035
-1.419786710622741
-1.2120852306293188
-2.7170721878242237
-3.658818951626551
-1.089612934989586
-0.03312557815113981
-0.34204450369366907
-0.1348608824918181
0.20834702897085
0.0779482268070592
0.16651002759531708
-0.9264359344510827
-0.8375977862444909
-0.3374082531171083
-0.2272190278363727
-0.3992025552619396
-0.24504849352110752
-0.8426965234223647
-0.15147644702313473
-0.025779494400822694
-0.7739073594927954
-1.9621171061158313
-0.9947148348049085
0.202199023166716
-0.06165849297832385
0.0249047612886934
0.2585590329009846
0.6253128287053223
-0.14274343515022675
-1.2088586738752107
-0.7581976908407215
-0.15826630502947003
-1.1745730071020302
-0.34563342691345617
0.07182691522061929
-0.20071372224182255
0.17831890832051384
0.018982103695768915
0.08719821491458374
0.253536072707388
0.19515428449838684
0.1312333474123905
-0.1568034060940931
0.18308616514419512
-0.18987500145086164
-0.02430487883819124
-0.2317717825120107
-0.03170540429464938
0.02059915472853391
-1.3153457227326961
-2.3888581639644686
-2.7097911439692224
-1.0343059387461917
-1.6302058552220382
-0.40657459780953237
-0.415868832862172
0.013889220719820794
-0.15214858597139283
0.04121972579566563
-0.30545072326849815
-0.02586934278354433
-0.1332141683652042
0.010461103208797118
-0.9241660355771494
-0.45589670043135383
-0.5591046716151334
-1.1644797208644526
-2.655742132480274
-1.2158576013922064
-0.41271709309021853
-0.912822867349808
-0.7103639222553304
-2.0406844463965825
-2.464672042359534
-1.7005223218829173
-0.4759982729746134
-0.5912098987204123
-0.23223757660438663
-0.6689735972447082
-0.7406325793352881
-0.4142387464508708
-0.23498070694308287
0.09064928044112364
0.07698123129955259
-1.163483722397506
-0.5205033905589909
0.08793362169890995
0.06649503103179627
0.21123687862069773
-0.2877254405975302
-0.762229912588986
-1.0368807529819786
-1.1454693864125496
-1.0734393138559915
-0.7727788763947542
-0.41918852067039897
-0.7243448490829745
-0.3060427387281681
-0.22083752052210162
0.2921569690562653
0.6046522563475331
0.47897349411645684
0.5653026621107557
0.5076719071573396
0.6725324882880558
0.5118793760431407
-0.07861871699969492
-0.2321392661748938
-0.18530182349704166
-0.7367590464059459
-0.056455714452253
-0.2127187732376452
-0.05384794288808398
0.3687848184220446
0.2103929976278875
-1.1833901941955358
-1.9132599918156363
-0.19234456916995574
-1.1911028913596504
-1.4327239469282687
-0.6617329273035655
-1.1994231948836616
-0.9924238210045734
-0.29002079141255804
-0.30417319045014646
-0.4834056917441777
-1.0086110747833752
-1.4037122257796997
-0.9646961270990939
-2.005248441978332
-2.9980179224858556
-1.9276899116930262
-0.20908337526855514
0.1381170627418115
-0.04999440329457655
0.07949891603077458
0.2524382382649436
0.45875508008319466
0.3153593832707666
-0.11576767134515037
-1.2577203076598835
-0.2542087232932385
0.09657839282311853
0.01509957192385103
-0.10897933071442414
-0.8487115328943102
-0.3983478926198051
-0.38162417043672536
0.10476784513965803
0.31904200599978927
0.014513563198642443
0.39791613361267053
0.2158016832333981
0.1720342598019337
-0.27374907015763605
-0.9502735474905205
-0.7830404215790785
-0.9481874802905852
-0.10763403410766678
-0.03606797921615157
0.4186358622627878
-0.0362269708804443
0.4021932160488608
0.6615737859525803
0.8263639196063759
0.6725190851906448
0.6714154707050946
0.9714920024596283
-0.48460057978741466
0.474478996505067
0.36154805339334284
0.48232158791699353
0.15174465045871344
-0.10632316256278462
0.36648485194406133
0.041723306983690533
-0.17751143460823318
-0.41926676774701166
-0.07691403858431492
-2.4514886851237376
-1.6901705059521126
-0.3045226237478714
-0.29271595333644046
0.03865048177994446
0.22748017371588508
0.49954423563841976
-0.7119870107940176
-2.789103364885097
-1.302065747687604
-1.6417413071927494
-1.898869446709229
-0.7332290841647527
0.0867267987283139
0.40502576992008366
0.2830752383173829
0.08849546080820347
-0.5197906130429677
-0.21512943473797555
0.16466839212890166
0.04904413644183847
0.19519855800548774
0.3787632444077861
0.5676616306430005
0.31914456185720874
-0.3211263083556951
0.05184524598717277
-0.8789968497844736
-0.15439838134921208
0.12925922833231324
-0.1060805545588499
-0.842332979241672
0.16565926077602944
0.2813266009407913
0.12735070804635978
-0.6277347267191868
-1.1396861678278722
0.19652267636177229
0.6729698687613035
-0.21407299769253668
-0.6477648932066495
0.08657574840395943
0.3694766873864185
0.5833985997136257
0.41334755247846755
-0.5296570782603456
-0.24434580878770432
-0.06844409234207294
-0.081505748690505
-1.622907711520451
-0.33736879258688807
-0.36460483843733793
0.1589124492177324
-0.04193104703834419
-0.48376306214866904
-1.4439531163471224
-0.21132265662056174
0.4410446641756077
0.3974480536492567
0.3120483425126148
0.5577936889715791
1.0291556274008298
-0.07143249052718356
0.279511997831677
-0.38087245457841284
0.23718618117590817
-0.2664209839297522
0.8030783261060037
0.5183927732268003
-0.48108783193698657
-0.0013946367483234634
0.13152201607634728
-0.04829487450191647
0.1819603724820124
-0.34034212847952594
0.6113365791242236
0.8428549839438759
-0.08341846355688876
-0.6759978928022005
-0.9424991480563372
-1.3256958979774869
-0.9113266910361251
-0.8880519194196309
-0.2964852855785128
-0.11546377243723155
0.0436945027862245
-0.008973712857614613
0.005639761324968073
-0.5722429262051096
0.15774785576336897
-0.033899566891554045
-0.3353762072543511
0.1494509795597565
-0.21141094469679053
0.38839070375913953
-0.028873522400091667
0.3397819135588045
-0.4968056543345786
-0.7789284736152692
-0.17561298053971
-0.12024952886957022
-0.07229060478461607
-0.3523310764671992
-0.7873882371808942
-0.38072419239276667
0.14342599431060765
0.3042868548979548
0.5306611555010461
0.396850119074585
0.1386748743968309
0.43340552178898295
0.5097722366525654
0.9289890769740783
0.7950754456437916
0.6088078308790407
-0.7425551914755505
-0.17118431243774657
-0.5869374760358933
-0.2869938995913701
0.1581953849894105
0.30679810186795875
-0.19698840523879177
-1.0230077314351758
-1.7119614076533896
-0.9559838426054287
-0.15445834868046782
-0.22909423442869906
-0.09395864585471969
0.011445232700907748
-0.48922116786204395
-0.5279973662268362
-0.3282225184933758
-0.0783344690490686
-0.022556376241956944
0.3704261634031677
0.19109193782079226
0.7838482478646436
0.8913251712547705
0.8056903383875684
0.9316982953796438
-0.15976097973533798
-0.41769681704964123
-0.28809452054661494
-0.05072182969833289
-0.38653785363856774
0.20083329960600876
0.546315757528776
0.845720068802611
0.8824615137947918
0.9208210687724787
0.9770337597548635
0.4806648208626997
0.883652362895637
0.7741457598557953
0.6974815037018586
0.5124050551974668
0.4448779746768595
0.21814312811578296
0.2880854354414514
0.5244021929385617
-0.2293172988760861
-0.2060197173103988
0.05746424236328762
-0.41337282306296746
-0.550476911629115
-0.5563629260417347
-0.21942214014688427
-0.8219883086879757
-0.3456335926956752
-0.10734897701776155
0.1622324660550855
0.053597023649852193
-0.21040162762063713
-0.16362915494246116
0.06550309712671964
-0.2633946203834054
-1.1200557103911017
-1.4171159042455446
-1.0237746485426582
-0.7309029102160612
-0.4783058254490472
-0.40908960339129496
-0.5135965131849031
-0.7452363624110392
-0.8816659080053985
-0.506987328875085
-0.2443344903497839
-0.10090532314348064
0.218388453070737
-0.18449322487297012
-0.10899459340901024
-0.0027306822975671774
-0.4588751879722233
-0.39009640850144683
-0.48901878579298097
0.35533234982464124
0.5069746825867015
0.46917912495379055
0.4623724160208974
0.49589787907553107
0.1735261884675105
0.46641465451188036
0.35005179645991735
0.4770456247024878
0.5990334420429323
0.37205643645967557
0.3501067544720584
0.43764716999372955
0.28369573290978223
-0.33629608203524486
-0.27736035815083615
-0.05597750390312828
-0.4282656604416735
-0.2047394197984002
-0.2112878007563122
-1.2237241269375874
-1.792301969062845
-2.0222307604787044
-2.4870990115336093
-2.396338160864021
-2.9349987307535574
-1.9477207900319409
-0.7237475404524445
-0.01913151407610042
0.06480676853437972
0.256521455178393
0.12452004368497044
0.2686047842830145
0.41881984783102055
0.503182086102447
0.4419995724102376
0.20893108173945052
0.23343039179105785
-0.004423745801316603
0.28547464456189
-0.16348052386938605
-0.2145927149100741
0.1926125960592066
0.19513071240184715
0.006575529043149675
-0.5493638217859682
-0.36728881996755114
-0.14698696355797158
0.3294161618104543
0.3505447710469425
0.4486506785866853
0.47949932551096663
0.371522679262254
0.2962223866525393
0.5073450885727511
0.3649671425486468
0.13032420962068808
-5.057039670469431
-5.3326584022282795
-3.9809655767064624
-4.791882304504887
-4.471953495514958
-4.525504855014567
-3.7661796888643497
-4.654742554435595
-4.154838374343255
-3.6520643133798325
-3.9309120834537037
-4.065835238245687
-3.6292039108766225
-4.007499156125524
-4.27454735584407
-5.317945213145094
-5.853344065739773
-5.8446978935390685
-6.088330168307031
-6.036122166451318
-6.2625912771465195
-4.676264409270476
-4.862827060031188
-4.174494790125344
-3.7150803470294314
-4.358633810050945
-3.7031328283880214
-4.444787856479593
-4.5126108634327835
-3.699136389632704
-4.202111713973338
-4.839954264665255
-5.012529947537006
-4.678731499943519
-4.519352031782209
-4.715838244414442
-4.06644613905563
-3.817957545165969
-4.344305007256652
-3.8272000085569786
-3.3112267779806475
-3.8526180163987576
-4.399336174797169
-4.35043761947849
-4.5663168817344895
-4.327355800274173
-4.061312450890173
-3.9143993290601156
-3.677033689878149
-3.4612500100162107
-3.5180092345700764
-3.9527868132194275
-4.055878988472117
-3.831475410267105
-3.2188163185180754
-3.453808289533347
-3.825317321048721
-4.105216449124657
-3.363922567415135
-3.8455167119296787
-4.040273593773585
-4.1310596106960285
-4.3972100123731686
-4.183968589980848
-3.882374126858034
-3.6254257967392425
-3.718594828278018
-4.240900453676129
-3.7996564529704653
-3.3971149641552634
-3.3531411319979156
-3.208438758753286
-3.5441638132000053
-3.6118783732607485
-3.7208349923012056
-3.523797200163921
-3.2288596803471723
-3.4513861946680366
-3.444669289753455
-3.927375129785262
-4.087359198412213
-3.5174162551203247
-3.3286397950966755
-3.30520894685801
-3.713723823487868
-3.6680620754834923
-3.647455188409781
-3.899132787299532
-3.272800046634236
-3.9664951364531014
-3.529561943470468
-4.028390995725152
-4.0995233522113725
-3.2089843175081585
-3.586497058710357
-3.371748059955241
-3.435308406051889
-3.2000696864416476
-3.072074145977477
-3.3350491333315784
-3.250113494292896
-4.188504384848609
-4.042596880896995
-4.578410165566222
-5.288940267551517
-5.599742466865972
-5.052623850426774
-4.834530350789344
-4.3767408887810815
-4.448102693497555
-4.115206063687371
-3.6115585643090453
-3.5092819935865993
-3.916479538865792
-6.267701849261988
-6.182263926087397
-7.7374901354391525
-8.017565458582288
-8.400373661183998
-6.811321335991057
-7.069226746168849
-6.64848078038379
-6.465495972436813
-5.4120634415890745
-5.995027715256898
-6.833332714514624
-6.957934278527685
-6.0489068703023845
-6.706412237333313
-6.660320725786249
-5.897943978545498
-6.405460989871808
-5.882530390963912
-5.665627668820139
-5.4495046368123665
-5.567511315454489
-5.076831200465788
-6.1188910501063
-5.131568288547346
-4.8360023915015296
-5.047634636380067
-6.173643755273371
-5.938559294780658
-6.312172684807917
-5.721482048561371
-5.992981758496943
-6.883893304527093
-5.582545956108428
-5.605351261900282
-5.530992115150641
-5.2595412816479925
-5.540414077443561
-5.646261115702361
-5.1739765505835855
-5.087086828153779
-5.09930516113478
-4.925513774423075
-4.574787482349911
-5.204283480492174
-5.18002962341136
-5.33195428088668
-4.909045104096477
-5.07681905634458
-4.790849169932023
-5.753175532869341
-5.739211103819104
-5.983350747370767
-5.088059892610817
-5.26960783689434
-6.065592556909115
-5.255303462294573
-5.373406417218244
-4.723857847231766
-5.378731544894651
-5.424574425834008
-5.57526010557483
-5.323269816243782
-5.9344844500864005
-5.749753687214592
-5.842430737846136
-5.891399093684029
-5.911693130954909
-5.5643156136647995
-5.2938498774631775
-5.025961963617497
-4.543755883804868
-4.5783516267043245
-4.249678120933066
-3.840421345265802
-4.299822749537027
-4.423608924692993
-4.192407087187663
-4.675785996969613
-4.269860422122799
-4.050848428180585
-4.008033650567086
-3.6955560327099315
-3.923322008868852
-4.18888459769759
-3.8063770741776732
-3.7211949965382534
-3.629031487384026
-3.7558424783833226
-3.7044125624138378
-3.8302356184548296
-3.7123436892317248
-3.679755775023626
-3.51335599144243
-3.532704297399137
-3.4685565914833347
-3.368186382233775
-3.2044777693572666
-3.20722729746816
-3.5585273581043975
-3.13173034631619
-3.489906148442178
-3.1479333255401913
-2.945241340634362
-3.706058969820721
-3.1591333322924573
-3.4529005465055267
-3.28378269412784
-3.6948815991808166
-3.331274236825344
-3.5515344759603975
-3.4060570446376124
-3.4531586010994557
-3.096684729900786
-3.170866322990415
-2.9636902192748558
-3.087781975319465
-2.900631848643253
-2.8086346236018
-3.022607029788576
-3.381574898253259
-3.0081533878692426
-3.13609033903389
-3.2219634780762823
-3.193207788816518
-2.718982891375777
-3.084876181461601
-3.2994726839507527
-3.326258723694778
-3.39359263652967
-3.216152475956645
-3.4309671819975547
-3.0309072244415978
-2.876036356385515
-3.1458365920729756
-2.8166921668228104
-2.886333260557416
-3.0239691836446525
-2.9921046230744928
-3.448847134999882
-3.2407962137219197
-3.2236638731562817
-3.3043889512039346
-3.0500845380921318
-3.124893276506408
-3.1710932303512287
-2.918376147738619
-2.6478549042942934
-3.3880020764202614
-2.9398843498467793
-3.029587711621468
-3.0709164755706047
-3.3514358514445295
-3.106047470849492
-3.0485002206533114
-3.3441607621844964
-3.248743055976451
-8.38483126874937
-8.569991710993268
-8.237374918003567
-7.887521200501068
-8.205729101771537
-7.872313361340336
-8.193743065223334
-7.971138913510801
-7.761183734714679
-8.083292123661822
-7.964106463376775
-7.821526251235919
-7.600223859785572
-6.582597691564337
-4.110296524193563
-2.492273805287736
-1.948106792613482
-1.4946609034733924
-1.0870131686479123
-0.8252746586915056
-0.4236518514848888
-0.8776332340095108
-0.9881786085132844
-0.6526869752884192
-1.5853208356229245
-2.01402878789281
-2.8046203777503864
-4.197375519670537
-3.314394527082615
-2.068838396873373
-0.9918828633312735
-0.830252362374435
-0.5020334142506105
-0.28553907282308255
-0.24366369378415076
-0.17532250503225358
-0.07337225619424537
-0.08489577030242906
0.024380064152473846
-0.03024790201672345
-0.3574328336503567
-1.036856244105331
-1.2862553509395074
-1.9346087456530257
-1.9816787401558364
-1.5265976940466017
-1.2531685871300207
-1.1834938396459533
-1.6203902199738203
-1.4244326209208933
-0.9079686625101953
-0.20838577070646208
0.27027716688480474
0.2633665120706945
-0.17647150168973458
0.020121303720479655
-0.3526157079262263
-0.5919829584717339
-0.4282936144956389
0.13862028351569045
0.06101351937219357
0.05293479363611975
-0.08237431951204638
-0.6965439257775552
0.27997425151704025
0.4744495818202079
0.7736578818050255
0.9111874284144692
0.9237661878626791
0.7647190507267205
0.8991505504252422
0.8568288940676905
1.1102833525180522
1.1141751613949622
1.1926125852215705
0.9718701690317104
1.2424359140083836
1.1853886350455647
1.1790715542157053
1.2203458537225942
1.5038015692606372
1.643628310510687
1.4643181214819443
1.6362205310540787
1.7193980109013636
1.325701077913745
1.7980501868072871
1.4831295206810622
1.2831325346769171
1.256929728786564
1.2572180525450325
1.2317535887672615
1.1445440046227227
1.4466018224152193
1.4395200924286575
1.64249657924145
1.524259742927965
1.1694272755003436
0.27203445582085684
-1.48291253823544
-4.19031237158117
-2.8910530546935496
-3.3112799744872117
-1.4278336005926058
-0.11455401510932225
0.11886809080798072
-0.031169493823246852
0.4376021403502617
0.45553310979296135
0.5314079454772537
0.5779296187747635
0.435238310639254
0.10053346828965803
0.16926316252755802
0.08768251187215009
0.4175202989451181
-0.01206044573357995
-0.31902858809814194
0.20151422391191803
0.2838748155853791
0.610221799030446
0.5023648736708197
0.5335559690198177
0.5029066935278018
0.8048688203244885
0.9165930346607087
1.1242928829464
1.1022436187203457
0.6995624883936478
0.9135164948695011
1.3650607668260732
1.2714422268677257
0.9846393343415585
0.85308020749069
0.8388592344287753
1.0683787115392407
0.9573001410707391
1.1868151083390228
1.2078023029035716
1.1335173042558149
1.2267671734714347
1.2339695578586907
1.3623892378908407
1.098051180013456
0.7225712038938582
1.193012464327966
-0.6531815033209674
-1.0638743089504845
-0.6627518733383644
-0.323289583986354
-0.29658484881951686
0.01881892891329978
0.5008291108159537
0.03606455727947411
0.9177237740104873
0.8957052107566295
1.183538832660381
1.3333866665300338
1.43385611579512
1.2744661025960646
0.5857678974709417
0.67742482720444
-0.15932585717398812
-1.1210689380407537
-2.6611607596680837
-2.1973572404107067
-0.8491449662071107
-1.678759324595674
-3.259915793417413
-1.6797746255580408
-1.059050456977015
-1.6849826580330023
-3.1217591922162704
-2.294538678702577
-1.485316528526686
-0.5669453536906839
-0.07662961299930046
-0.01742873622718294
0.05749547011579803
-0.28675377924327605
-0.522778068346916
-0.014836158147658485
0.5368199505137115
0.7693868419621672
0.9823479125160954
0.9658912149006478
1.0850655488326235
0.9839931302232698
1.0227794048222587
0.5361808856007024
0.7016747994620572
-0.00911332025232986
0.37248157144440597
0.6659486204477246
0.4261695444522352
0.7139349473599169
0.8262181999926115
0.8899641864879269
0.5378111484821154
1.2846503623111092
0.9249604487853431
0.9107937738986456
0.315120634644658
0.6916166867154504
0.3618599455952568
0.26416394064459503
0.23396833387230742
-1.4282985704474604
-0.833388817512008
-1.0551500302738397
-2.1785625912468123
-1.0492383668891134
-0.5823706264147561
-0.41664744610800863
-2.278055106842661
-0.8328625786151048
-0.7736425705937259
-2.247624832106542
-0.6073125079908065
-0.2005234795956852
-0.4079176881256077
-0.30032871504872205
-0.9891411744935845
-0.843832789674406
0.09913016768789068
-0.49810668740359787
-1.0378140324152687
-1.792560911827668
-1.3755695569239625
-1.457967942071927
-0.5119225891652665
-2.38148467648669
-1.104294998547361
-1.3166566799756665
-1.535402702382721
-0.00369420875292481
0.9000741651328439
0.9848516425747411
1.1791093945162563
0.9720553215322942
0.76772060026785
-0.041700885850419894
-0.7310779740682978
-0.5290258095429843
0.36542285794049867
0.9967665794470522
0.8465067603316936
-0.5690195769683268
-0.47569112809850167
0.44506259708833473
0.7739493700981195
1.0044637192296961
0.9942997144894883
1.025856575018667
1.2215858820062055
0.8671535999182034
1.3301392545361927
0.9573263781335675
0.9993511129777399
0.945016533199841
1.0922141073807456
-0.5601378470031534
0.16206423983161744
0.7751210412047442
1.02014943063876
0.6590440021886111
-0.3735128874712584
-2.729549475353444
-2.7735693181371612
-1.194600936779447
-0.3893737387126263
-0.03579526958568882
0.27058248003807917
-0.1621179078074187
0.009247891872197878
-0.28564828930055164
-0.1847209983257233
-0.31225296882332726
0.1564660123574943
0.663284166876491
0.47174601557097107
0.12041984744222028
0.5774643858658015
0.9416457941485905
0.5598875353437688
0.6337904005264193
-0.46989863604425475
-0.48296515560025566
-1.1602182560625
-1.862400750097187
-2.4168616666476668
-0.8145493873747625
-1.360077121636872
-0.4424904578529404
0.41271751989255434
0.75990954489858
0.7817413229409871
0.5401900800686861
0.5659015682065978
0.24416289033651983
0.5896997832278399
0.9662095415477925
0.5262322591250587
-0.6894870541141513
-0.4693594151993302
0.13841557383533165
-0.11301683926527933
-1.6156393975347563
-0.6639699170034982
-0.6811948699194377
-0.33064199850396137
0.531536405761949
1.148791175328003
0.9290409574095655
0.5833395888493473
-0.06114789886834199
-0.4188545953303648
0.46963871408731905
0.5632947855732555
-2.0232968793507053
-0.3587969749086111
0.05570479540350465
-0.5556148165766603
0.3915828740177859
0.4452840064812663
-1.2664149452708933
-2.0693244878260204
-3.2484461966303257
-2.3176904754819656
-0.8177493074333876
-0.8766980835898105
-1.2563466509080272
-0.7168344102642028
-0.2908827603426511
-0.1379040141736133
-0.39068321628495817
-0.0465428245764421
-0.6401025930904067
0.17328757615266355
0.24566181149580535
0.49233112113746647
0.4423171534647269
0.3606704003883102
-0.14256774712427764
-0.04363056779957897
-0.14390986915199633
-1.2216073215444865
-0.41091061742435764
-0.3535900080211307
-0.6706917978541544
-0.027778291905510677
-0.6399073362084745
-0.6668578721769098
-0.1662782871590848
0.6239027563304974
0.8503039357183935
0.8149710820605782
0.650337191111349
0.8928704608165587
0.37359893951516765
-0.17498368870398384
-0.17407753550341518
-0.24092670661319793
-0.6864495424103279
0.033245099166104464
0.3076193358575796
0.280135316081073
-0.43634372001609045
-0.6436546399413856
-2.8464038820835604
-4.044333176212348
-3.5346466525718956
-3.4993522641681745
-2.802719300157089
